GAME,1,2,456,1,365,Acid Plant LE,1379.203369140625,1
1,1,0,1_1_0.png
1,1,5,1_1_5.png
1,1,10,1_1_10.png
1,1,15,1_1_15.png
1,1,20,1_1_20.png
1,1,25,1_1_25.png
1,1,30,1_1_30.png
1,1,35,1_1_35.png
1,1,40,1_1_40.png
1,1,45,1_1_45.png
1,1,50,1_1_50.png
1,1,55,1_1_55.png
1,1,60,1_1_60.png
1,1,65,1_1_65.png
1,1,70,1_1_70.png
1,1,75,1_1_75.png
1,1,80,1_1_80.png
1,1,85,1_1_85.png
1,1,90,1_1_90.png
1,1,95,1_1_95.png
1,1,100,1_1_100.png
1,1,105,1_1_105.png
1,1,110,1_1_110.png
1,1,115,1_1_115.png
1,1,120,1_1_120.png
1,1,125,1_1_125.png
1,1,130,1_1_130.png
1,1,135,1_1_135.png
1,1,140,1_1_140.png
1,1,145,1_1_145.png
1,1,150,1_1_150.png
1,1,155,1_1_155.png
1,1,160,1_1_160.png
1,1,165,1_1_165.png
1,1,170,1_1_170.png
1,1,175,1_1_175.png
1,1,180,1_1_180.png
1,1,185,1_1_185.png
1,1,190,1_1_190.png
1,1,195,1_1_195.png
1,1,200,1_1_200.png
1,1,205,1_1_205.png
1,1,210,1_1_210.png
1,1,215,1_1_215.png
1,1,220,1_1_220.png
1,1,225,1_1_225.png
1,1,230,1_1_230.png
1,1,235,1_1_235.png
1,1,240,1_1_240.png
1,1,245,1_1_245.png
1,1,250,1_1_250.png
1,1,255,1_1_255.png
1,1,260,1_1_260.png
1,1,265,1_1_265.png
1,1,270,1_1_270.png
1,1,275,1_1_275.png
1,1,280,1_1_280.png
1,1,285,1_1_285.png
1,1,290,1_1_290.png
1,1,295,1_1_295.png
1,1,300,1_1_300.png
1,1,305,1_1_305.png
1,1,310,1_1_310.png
1,1,315,1_1_315.png
1,1,320,1_1_320.png
1,1,325,1_1_325.png
1,1,330,1_1_330.png
1,1,335,1_1_335.png
1,1,340,1_1_340.png
1,1,345,1_1_345.png
1,1,350,1_1_350.png
1,1,355,1_1_355.png
1,1,360,1_1_360.png
1,1,365,1_1_365.png
1,1,370,1_1_370.png
1,1,375,1_1_375.png
1,1,380,1_1_380.png
1,1,385,1_1_385.png
1,1,390,1_1_390.png
1,1,395,1_1_395.png
1,1,400,1_1_400.png
1,1,405,1_1_405.png
1,1,410,1_1_410.png
1,1,415,1_1_415.png
1,1,420,1_1_420.png
1,1,425,1_1_425.png
1,1,430,1_1_430.png
1,1,435,1_1_435.png
1,1,440,1_1_440.png
1,1,445,1_1_445.png
1,1,450,1_1_450.png
1,1,455,1_1_455.png
1,1,460,1_1_460.png
1,1,465,1_1_465.png
1,1,470,1_1_470.png
1,1,475,1_1_475.png
1,1,480,1_1_480.png
1,1,485,1_1_485.png
1,1,490,1_1_490.png
1,1,495,1_1_495.png
1,1,500,1_1_500.png
1,1,505,1_1_505.png
1,1,510,1_1_510.png
1,1,515,1_1_515.png
1,1,520,1_1_520.png
1,1,525,1_1_525.png
1,1,530,1_1_530.png
1,1,535,1_1_535.png
1,1,540,1_1_540.png
1,1,545,1_1_545.png
1,1,550,1_1_550.png
1,1,555,1_1_555.png
1,1,560,1_1_560.png
1,1,565,1_1_565.png
1,1,570,1_1_570.png
1,1,575,1_1_575.png
1,1,580,1_1_580.png
1,1,585,1_1_585.png
1,1,590,1_1_590.png
1,1,595,1_1_595.png
1,1,600,1_1_600.png
1,1,605,1_1_605.png
1,1,610,1_1_610.png
1,1,615,1_1_615.png
1,1,620,1_1_620.png
1,1,625,1_1_625.png
1,1,630,1_1_630.png
1,1,635,1_1_635.png
1,1,640,1_1_640.png
1,1,645,1_1_645.png
1,1,650,1_1_650.png
1,1,655,1_1_655.png
1,1,660,1_1_660.png
1,1,665,1_1_665.png
1,1,670,1_1_670.png
1,1,675,1_1_675.png
1,1,680,1_1_680.png
1,1,685,1_1_685.png
1,1,690,1_1_690.png
1,1,695,1_1_695.png
1,1,700,1_1_700.png
1,1,705,1_1_705.png
1,1,710,1_1_710.png
1,1,715,1_1_715.png
1,1,720,1_1_720.png
1,1,725,1_1_725.png
1,1,730,1_1_730.png
